local i=Instance.new("ScreenGui")local j=Instance.new("Frame")local k=Instance.new("TextButton")local o=Instance.new("TextButton")local B=Instance.new("TextButton")local C=Instance.new("TextButton")local D=Instance.new("TextButton")local E=Instance.new("TextButton")local F=Instance.new("TextButton")local G=Instance.new("TextButton")local I=Instance.new("TextButton")local J=Instance.new("TextButton")local K=Instance.new("TextButton")local L=Instance.new("TextButton")local M=Instance.new("TextButton")local N=Instance.new("TextButton")local O=Instance.new("TextButton")local P=Instance.new("TextButton")local Q=Instance.new("TextButton")local R=Instance.new("TextButton")local T=Instance.new("TextButton")local U=Instance.new("ImageLabel")local V=Instance.new("TextButton")local W=Instance.new("Frame")local Y=Instance.new("TextLabel")local Z=Instance.new("Frame")local bb=Instance.new("TextButton")i.Parent=game.CoreGui;j.Name="expro main"j.Parent=i;j.BackgroundColor3=Color3.fromRGB(0,0,0)j.BackgroundTransparency=0.100;j.BorderSizePixel=0;j.Position=UDim2.new(0.312220573,0,0.23680982,0)j.Size=UDim2.new(0,504,0,429)j.Visible=false;j.Active=true;k.Name="666"k.Parent=j;k.BackgroundColor3=Color3.fromRGB(0,0,0)k.BorderColor3=Color3.fromRGB(255,0,0)k.BorderSizePixel=2;k.Position=UDim2.new(0.0161086917,0,0.0149047067,0)k.Size=UDim2.new(0,82,0,32)k.Font=Enum.Font.SourceSans;k.Text="666"k.TextColor3=Color3.fromRGB(255,255,255)k.TextScaled=true;k.TextSize=14.000;k.TextStrokeColor3=Color3.fromRGB(255,0,0)k.TextStrokeTransparency=0.000;k.TextWrapped=true;k.MouseButton1Down:connect(function()loadstring([[
--~transiate~--
for i,v in next,workspace:children''do
  if(v:IsA'BasePart')then
    me=v;
    bbg=Instance.new('BillboardGui',me);
    bbg.Name='stuf';
    bbg.Adornee=me;
    bbg.Size=UDim2.new(2.5,0,2.5,0)
    --bbg.StudsOffset=Vector3.new(0,2,0)
    tlb=Instance.new'TextLabel';
    tlb.Text='666 666 666 666 666 666';
    tlb.Font='SourceSansBold';
    tlb.FontSize='Size48';
    tlb.TextColor3=Color3.new(1,0,0);
    tlb.Size=UDim2.new(1.25,0,1.25,0);
    tlb.Position=UDim2.new(-0.125,-22,-1.1,0);
    tlb.BackgroundTransparency=1;
    tlb.Parent=bbg;
    end;end;
    --coroutine.wrap(function()while wait''do
      s=Instance.new'Sound';
      s.Parent=workspace;
      s.SoundId='rbxassetid://152840862';
      s.Pitch=1;
      s.Volume=1;
      s.Looped=true;
      s:play();
      --end;end)();
      function xds(dd)
        for i,v in next,dd:children''do
          if(v:IsA'BasePart')then
            v.BrickColor=BrickColor.new'Really black';
            v.TopSurface='Smooth';
            v.BottomSurface='Smooth';
            s=Instance.new('SelectionBox',v);
            s.Adornee=v;
            s.Color=BrickColor.new'Really red';
            a=Instance.new('PointLight',v);
            a.Color=Color3.new(1,0,0);
            a.Range=15;
            a.Brightness=5;
            f=Instance.new('Fire',v);
            f.Size=19;
            f.Heat=22;
            end;
            game.Lighting.TimeOfDay=0;
            game.Lighting.Brightness=0;
            game.Lighting.ShadowColor=Color3.new(0,0,0);
            game.Lighting.Ambient=Color3.new(1,0,0);
            game.Lighting.FogEnd=200;
            game.Lighting.FogColor=Color3.new(0,0,0);
        local dec = 'http://www.roblox.com/asset/?id=19399245';
            local fac = {'Front', 'Back', 'Left', 'Right', 'Top', 'Bottom'}
            --coroutine.wrap(function()
            --for _,__ in pairs(fac) do
            --local ddec = Instance.new("Decal", v)
            --ddec.Face = __
            --ddec.Texture = dec
        --end end)()
            if #(v:GetChildren())>0 then
                   xds(v)
              end
         end
    end
xds(game.Workspace)
]])()end)o.Name="TheHappyButton"o.Parent=j;o.BackgroundColor3=Color3.fromRGB(0,0,0)o.BorderColor3=Color3.fromRGB(255,0,0)o.BorderSizePixel=2;o.Position=UDim2.new(0.194784641,0,0.0149047077,0)o.Size=UDim2.new(0,82,0,32)o.Font=Enum.Font.SourceSans;o.Text="TheHappyButton"o.TextColor3=Color3.fromRGB(255,255,255)o.TextScaled=true;o.TextSize=14.000;o.TextStrokeColor3=Color3.fromRGB(255,0,0)o.TextStrokeTransparency=0.000;o.TextWrapped=true;o.MouseButton1Down:connect(function()gui=Instance.new("ScreenGui",game.CoreGui)gui.ResetOnSpawn=false;gui.Name="Get Fucked"button=Instance.new("TextButton",gui)button.BackgroundColor3=Color3.new(35/255,139/255,218/255)button.BorderColor3=Color3.new(255/255,255/255,255/255)button.BorderSizePixel=5;button.Position=UDim2.new(0.8,0,0.6,0)button.Size=UDim2.new(0,60,0,60)button.Font="Arial"button.TextColor3=Color3.new(255/255,255/255,255/255)button.TextScaled=true;button.Text=":)"button.TextWrapped=true;button.MouseButton1Click:connect(function()local i=workspace:GetChildren()for j=1,#i do local i=Instance.new("Fire",i[j])i.Size=100 end;local i=Instance.new("BlurEffect",game.Lighting)i.Size=20;local i=Instance.new("BloomEffect",game.Lighting)i.Intensity=1;i.Size=100;i.Threshold=0.1;local i=Instance.new("ColorCorrectionEffect",game.Lighting)i.Contrast=1;i.Brightness=0.55;i.Saturation=1;i.TintColor=Color3.new(255/255,0/255,0/255)local i=Instance.new("Sound",game.Workspace)i.Name="Purge"i.Looped=true;i.Volume=10;i.SoundId="rbxassetid://232554097"i:Play()local i=Instance.new("Sound",game.Workspace)i.Name="Earrape"i.Looped=true;i.Volume=10;i.SoundId="rbxassetid://552367422"i:Play()local i=Instance.new("Sound",game.Workspace)i.Name="ForAllah"i.Looped=true;i.Volume=10;i.SoundId="rbxassetid://424614632"i:Play()local i=Instance.new("Sky",game.Lighting)local j={"Bk","Dn","Ft","Lf","Rt","Up"}for j,j in pairs(j)do i["Skybox"..j]="rbxassetid://479777511"end;for i,i in pairs(game.Players:GetChildren())do local i=Instance.new("ParticleEmitter",i.Character.Torso)i.Texture="http://www.roblox.com/asset/?id=479777511"i.VelocitySpread=50 end;for i,i in pairs(game.Players:GetChildren())do local i=Instance.new("ParticleEmitter",i.Character.Torso)i.Texture="http://www.roblox.com/asset/?id=479777511"i.VelocitySpread=50 end;for i,i in pairs(game.Players:GetChildren())do game:GetService("Chat"):Chat(i.Character.Head,"WELCOME TO POUND TOWN YOU FILTHY FUCKIN JEWS HAHAHAHA")end;game.Workspace.Camera.FieldOfView=50;for i,i in pairs(game.Players:GetChildren())do i.CameraMaxZoomDistance=10;i.CameraMinZoomDistance=10 end end)end)B.Name="Illuminati"B.Parent=j;B.BackgroundColor3=Color3.fromRGB(0,0,0)B.BorderColor3=Color3.fromRGB(255,0,0)B.BorderSizePixel=2;B.Position=UDim2.new(0.374809265,0,0.0149047077,0)B.Size=UDim2.new(0,82,0,32)B.Font=Enum.Font.SourceSans;B.Text="Illuminati"B.TextColor3=Color3.fromRGB(255,255,255)B.TextScaled=true;B.TextSize=14.000;B.TextStrokeColor3=Color3.fromRGB(255,0,0)B.TextStrokeTransparency=0.000;B.TextWrapped=true;B.MouseButton1Down:connect(function()local i={}for j,j in pairs(game.Players:GetChildren())do table.insert(i,j)end;for i,i in pairs(i)do pe=Instance.new("ParticleEmitter",i.Character.Torso)pe.Texture="http://www.roblox.com/asset/?id=377792063"pe.VelocitySpread=50 end;a=Instance.new("Sky",game.Lighting)b={"Bk","Dn","Ft","Lf","Rt","Up"}for i,i in pairs(b)do a["Skybox"..i]="rbxassetid://377792063"end;print("Music executed!")s=Instance.new("Sound")s.Name="Music"s.SoundId="http://www.roblox.com/asset/?id=185993653"s.Looped=true;s.Pitch=1;s.Volume=4;s.archivable=false;s.Parent=game.Workspace;wait(1)s:play()end)C.Name="Bring and freeze others"C.Parent=j;C.BackgroundColor3=Color3.fromRGB(0,0,0)C.BorderColor3=Color3.fromRGB(255,0,0)C.BorderSizePixel=2;C.Position=UDim2.new(0.550927639,0,0.0149047077,0)C.Size=UDim2.new(0,82,0,32)C.Font=Enum.Font.SourceSans;C.Text="Bring and freeze others"C.TextColor3=Color3.fromRGB(255,255,255)C.TextScaled=true;C.TextSize=14.000;C.TextStrokeColor3=Color3.fromRGB(255,0,0)C.TextStrokeTransparency=0.000;C.TextWrapped=true;C.MouseButton1Down:connect(function()local i=true;local j=game.Players.LocalPlayer.Character.HumanoidRootPart;local k=j.Position-Vector3.new(5,0,0)game.Players.LocalPlayer:GetMouse().KeyDown:Connect(function(o)if o=='f'then i=not i end;if o=='r'then j=game.Players.LocalPlayer.Character.HumanoidRootPart;k=j.Position-Vector3.new(5,0,0)end end)for j,j in pairs(game.Players:GetPlayers())do if j==game.Players.LocalPlayer then else local i=coroutine.create(function()game:GetService('RunService').RenderStepped:Connect(function()local i,j=pcall(function()local o=j.Character;if o then if o:FindFirstChild("HumanoidRootPart")then if i then j.Backpack:ClearAllChildren()for i,i in pairs(o:GetChildren())do if i:IsA("Tool")then i:Destroy()end end;o.HumanoidRootPart.CFrame=CFrame.new(k)end end end end)if i then else warn("Unnormal error: "..j)end end)end)coroutine.resume(i)end end;game.Players.PlayerAdded:Connect(function(j)if j==game.Players.LocalPlayer then else local i=coroutine.create(function()game:GetService('RunService').RenderStepped:Connect(function()local i,j=pcall(function()local o=j.Character;if o then if o:FindFirstChild("HumanoidRootPart")then if i then j.Backpack:ClearAllChildren()for i,i in pairs(o:GetChildren())do if i:IsA("Tool")then i:Destroy()end end;o.HumanoidRootPart.CFrame=CFrame.new(k)end end end end)if i then else warn("Unnormal error: "..j)end end)end)coroutine.resume(i)end end)end)D.Name="Titan"D.Parent=j;D.BackgroundColor3=Color3.fromRGB(0,0,0)D.BorderColor3=Color3.fromRGB(255,0,0)D.BorderSizePixel=2;D.Position=UDim2.new(0.727080524,0,0.0149047067,0)D.Size=UDim2.new(0,90,0,32)D.Font=Enum.Font.SourceSans;D.Text="Titan"D.TextColor3=Color3.fromRGB(255,255,255)D.TextScaled=true;D.TextSize=14.000;D.TextStrokeColor3=Color3.fromRGB(255,0,0)D.TextStrokeTransparency=0.000;D.TextWrapped=true;D.MouseButton1Down:connect(function()local i=game.Players.LocalPlayer;local j=i.Character;local k=i:GetMouse()local o=j["Left Arm"]local B=j["Right Arm"]local C=j["Left Leg"]local D=j["Right Leg"]local E=j.Head;local F=j.Torso;local G=j.Humanoid;local I=game.Workspace.CurrentCamera;local I=j.HumanoidRootPart;local J=false;local K=0;local L=game:GetService("Lighting")local M=game:GetService("RunService").RenderStepped;local M="Normal"math.randomseed(os.time())G.WalkSpeed=100;j.Health:Destroy()G.MaxHealth=math.huge;wait(0.1)G.Health=math.huge;i:ClearCharacterAppearance()wait(0.1)i.Character.Head.BrickColor=BrickColor.new("Really black")i.Character.Torso.BrickColor=BrickColor.new("Really black")i.Character["Right Arm"].BrickColor=BrickColor.new("Really black")i.Character["Right Leg"].BrickColor=BrickColor.new("Really black")i.Character["Left Leg"].BrickColor=BrickColor.new("Really black")i.Character["Left Arm"].BrickColor=BrickColor.new("Really black")pcall(function()i.char.torso.roblox:Destroy()end)shirt=Instance.new("Shirt",j)shirt.Name="Shirt"pants=Instance.new("Pants",j)pants.Name="Pants"j.Shirt.ShirtTemplate="http://www.roblox.com/asset/?id=235673625"j.Pants.PantsTemplate="http://www.roblox.com/asset/?id=222859226"Fl=Instance.new('Fire',o)FR=Instance.new('Fire',B)Ft=Instance.new('Fire',F)Ft.Size=12;Fl.Size=12;FR.Size=12;Fl.Color=Color3.new(0,0,0)FR.Color=Color3.new(0,0,0)Ft.Color=Color3.new(0,0,0)Fl.SecondaryColor=Color3.new(0,0,0)FR.SecondaryColor=Color3.new(0,0,0)Ft.SecondaryColor=Color3.new(0,0,0)SR=Instance.new('Smoke',D)SR.Color=Color3.new(0,0,0)SR.Size=1;SR.RiseVelocity=1;Debounces={on=false;ks=false;CanAttack=true;CanJoke=true;NoIdl=false;Slashing=false;Slashed=false;Grabbing=false;Grabbed=false}local N={j.Name}function lerp(i,j,k)return i+(j-i)*k end;function slerp(i,j,k)dot=i:Dot(j)if dot>0.99999 or dot<-0.99999 then return k<=0.5 and i or j else r=math.acos(dot)return(i*math.sin((1-k)*r)+j*math.sin(k*r))/math.sin(r)end end;function matrixInterpolate(i,j,k)local i,o,B,C,D,E,F,G,I,J,K,L=i:components()local j,M,N,O,P,Q,R,T,U,V,W,Y=j:components()local i=lerp(Vector3.new(i,o,B),Vector3.new(j,M,N),k)local j=slerp(Vector3.new(C,D,E),Vector3.new(O,P,Q),k)local o=slerp(Vector3.new(F,G,I),Vector3.new(R,T,U),k)local k=slerp(Vector3.new(J,K,L),Vector3.new(V,W,Y),k)local B=j:Dot(o)if not(B<0 or B==0 or B>0)then return CFrame.new()end;return CFrame.new(i.x,i.y,i.z,j.x,j.y,j.z,o.x,o.y,o.z,k.x,k.y,k.z)end;function genWeld(i,j)local k=Instance.new("Weld",i)k.Part0=i;k.Part1=j;return k end;function weld(i,j)local k=Instance.new("Weld")k.Name="W"k.Part0=i;k.Part1=j;k.C0=i.CFrame:inverse()*j.CFrame;k.Parent=i;return k end;function Lerp(i,j,k)local i={i.X,i.Y,i.Z,i:toEulerAnglesXYZ()}local j={j.X,j.Y,j.Z,j:toEulerAnglesXYZ()}for o,B in pairs(i)do i[o]=B+(j[o]-B)*k end;return CFrame.new(i[1],i[2],i[3])*CFrame.Angles(select(4,unpack(i)))end;newWeld=function(i,j,k,o,B)local C=Instance.new("Weld",j)C.Part0=i;C.Part1=j;C.C0=CFrame.new(k,o,B)end;for i,i in pairs(j:children())do if i:IsA("Hat")then i:Destroy()end end;for i,i in pairs(E:children())do if i:IsA("Sound")then i:Destroy()end end;function HasntTouched(i)local j=true;for k,k in pairs(N)do if k==i then j=false end end;return j end;o.Size=o.Size*2;B.Size=B.Size*2;C.Size=C.Size*2;D.Size=D.Size*2;F.Size=F.Size*2;E.Size=E.Size*2;I.Size=I.Size*2;newWeld(F,o,-1.5,0.5,0)o.Weld.C1=CFrame.new(0,0.5,0)newWeld(F,B,1.5,0.5,0)B.Weld.C1=CFrame.new(0,0.5,0)newWeld(F,E,0,1.5,0)newWeld(F,C,-0.5,-1,0)C.Weld.C1=CFrame.new(0,1,0)newWeld(F,D,0.5,-1,0)D.Weld.C1=CFrame.new(0,1,0)newWeld(I,F,0,-1,0)F.Weld.C1=CFrame.new(0,-1,0)z=Instance.new("Sound",j)z.SoundId="rbxassetid://408386283"z.Looped=true;z.Pitch=1;z.Volume=1;wait(.01)z:Play()z=Instance.new('Decal',E)z.Face='Front'z.Texture='rbxassetid://99174105'E.BrickColor=BrickColor.new("Really black")lite=Instance.new("PointLight",D)lite.Brightness=30;lite.Range=20;lite.Color=Color3.new(19,0,0)local O=Instance.new("Model")O.Name="Titanius"p1=Instance.new("Part",O)p1.BrickColor=BrickColor.new("Really red")p1.FormFactor=Enum.FormFactor.Custom;p1.Material="Neon"p1.Size=Vector3.new(1,0.600000024,1.5)p1.CFrame=CFrame.new(67.4994888,12.1560526,73.0205841,0.999972522,-3.59117985e-005,-8.00192356e-006,-1.39250187e-005,0.358383715,-0.933530986,5.28097153e-005,0.933500648,0.358406395)p1.CanCollide=false;p1.Locked=true;p1.Elasticity=0;p1.BottomSurface=Enum.SurfaceType.Smooth;p1.TopSurface=Enum.SurfaceType.Smooth;b1=Instance.new("SpecialMesh",p1)b1.MeshType=Enum.MeshType.Wedge;b1.Name="Mesh"b1.Scale=Vector3.new(0.400000006,0.600000024,0.699999928)p2=Instance.new("Part",O)p2.BrickColor=BrickColor.new("Really black")p2.FormFactor=Enum.FormFactor.Custom;p2.Size=Vector3.new(1,2.9000001,1)p2.CFrame=CFrame.new(67.4995728,11.7633543,74.2129135,-1.30959779e-005,2.79811252e-006,0.999972522,0.961226642,0.275612593,-7.50799518e-006,-0.275637805,0.96119839,1.01176247e-005)p2.CanCollide=false;p2.Locked=true;p2.Elasticity=0;p2.BottomSurface=Enum.SurfaceType.Smooth;p2.TopSurface=Enum.SurfaceType.Smooth;b2=Instance.new("BlockMesh",p2)b2.Name="Mesh"b2.Scale=Vector3.new(0.400000006,1,0.400000006)p3=Instance.new("Part",O)p3.BrickColor=BrickColor.new("Really red")p3.Material="Neon"p3.FormFactor=Enum.FormFactor.Custom;p3.Size=Vector3.new(1,1.10000005,2.0999999)p3.CFrame=CFrame.new(67.4994965,12.6401453,73.9670334,0.999972522,-3.52207899e-005,-8.10639358e-006,-1.61500211e-005,0.309035271,-0.951007903,5.24176576e-005,0.950978875,0.309059501)p3.CanCollide=false;p3.Locked=true;p3.Elasticity=0;p3.BottomSurface=Enum.SurfaceType.Smooth;p3.TopSurface=Enum.SurfaceType.Smooth;b3=Instance.new("SpecialMesh",p3)b3.MeshType=Enum.MeshType.Wedge;b3.Name="Mesh"b3.Scale=Vector3.new(0.400000006,0.600000024,0.699999928)p4=Instance.new("Part",O)p4.BrickColor=BrickColor.new("Really red")p4.Material="Neon"p4.FormFactor=Enum.FormFactor.Custom;p4.Size=Vector3.new(1,1.43999994,2.05000019)p4.CFrame=CFrame.new(67.4995575,11.8683414,76.1565704,0.999972522,-2.5085672e-005,-1.53700166e-005,-4.86194367e-005,-0.800831437,-0.598821938,1.9131101e-005,0.598835468,-0.800796151)p4.CanCollide=false;p4.Locked=true;p4.Elasticity=0;p4.BottomSurface=Enum.SurfaceType.Smooth;p4.TopSurface=Enum.SurfaceType.Smooth;b4=Instance.new("SpecialMesh",p4)b4.MeshType=Enum.MeshType.Wedge;b4.Name="Mesh"b4.Scale=Vector3.new(0.300000012,0.600000024,0.699999988)p5=Instance.new("Part",O)p5.BrickColor=BrickColor.new("Really red")p5.Material="Neon"p5.FormFactor=Enum.FormFactor.Custom;p5.Size=Vector3.new(1,1.10000005,3.10000005)p5.CFrame=CFrame.new(67.4995193,13.241991,74.8357468,0.999972522,-3.59118021e-005,-8.00191992e-006,-1.39250224e-005,0.358383656,-0.933530807,5.2809708e-005,0.933500469,0.358406246)p5.CanCollide=false;p5.Locked=true;p5.Elasticity=0;p5.BottomSurface=Enum.SurfaceType.Smooth;p5.TopSurface=Enum.SurfaceType.Smooth;b5=Instance.new("SpecialMesh",p5)b5.MeshType=Enum.MeshType.Wedge;b5.Name="Mesh"b5.Scale=Vector3.new(0.400000006,0.600000024,0.699999928)p6=Instance.new("Part",O)p6.Name="Handle"p6.BrickColor=BrickColor.new("Really black")p6.FormFactor=Enum.FormFactor.Custom;p6.Size=Vector3.new(1.5999999,13.6000004,1)p6.CFrame=CFrame.new(67.5017471,11.2780685,66.1421967,-1.18190947e-005,6.28741009e-006,0.999972522,0.99995929,-1.39772892e-005,-7.50630716e-006,-1.79708004e-005,0.999939024,1.01296728e-005)p6.CanCollide=false;p6.Locked=true;p6.Elasticity=0;p6.BottomSurface=Enum.SurfaceType.Smooth;p6.TopSurface=Enum.SurfaceType.Smooth;b6=Instance.new("BlockMesh",p6)b6.Name="Mesh"b6.Scale=Vector3.new(0.400000006,1,0.400000006)p7=Instance.new("Part",O)p7.BrickColor=BrickColor.new("Really red")p7.Material="Neon"p7.FormFactor=Enum.FormFactor.Custom;p7.Size=Vector3.new(1,1.00999999,1.05000019)p7.CFrame=CFrame.new(67.5174179,10.5228004,76.3114471,0.999972522,-2.76626724e-005,-6.72184569e-006,-4.7347472e-005,-0.91489929,-0.403581172,2.14323372e-005,0.403602213,-0.914867818)p7.CanCollide=false;p7.Locked=true;p7.Elasticity=0;p7.BottomSurface=Enum.SurfaceType.Smooth;p7.TopSurface=Enum.SurfaceType.Smooth;b7=Instance.new("SpecialMesh",p7)b7.MeshType=Enum.MeshType.Wedge;b7.Name="Mesh"b7.Scale=Vector3.new(0.300000012,0.600000024,0.699999988)p8=Instance.new("Part",O)p8.BrickColor=BrickColor.new("Really red")p8.Material="Neon"p8.FormFactor=Enum.FormFactor.Custom;p8.Size=Vector3.new(1,1.00999999,1.05000019)p8.CFrame=CFrame.new(67.5074387,8.51285458,76.8714371,0.999972522,-2.76626724e-005,-6.72184387e-006,-4.73474684e-005,-0.91489917,-0.403581113,2.14323354e-005,0.403602153,-0.914867699)p8.CanCollide=false;p8.Locked=true;p8.Elasticity=0;p8.BottomSurface=Enum.SurfaceType.Smooth;p8.TopSurface=Enum.SurfaceType.Smooth;b8=Instance.new("SpecialMesh",p8)b8.MeshType=Enum.MeshType.Wedge;b8.Name="Mesh"b8.Scale=Vector3.new(0.300000012,0.600000024,0.699999988)p9=Instance.new("Part",O)p9.BrickColor=BrickColor.new("Really black")p9.FormFactor=Enum.FormFactor.Custom;p9.Size=Vector3.new(1,1.07999957,1)p9.CFrame=CFrame.new(67.5095749,7.1092,74.5051422,-2.60536999e-005,-5.21559741e-006,0.999972522,0.35323599,-0.935490847,-1.50012565e-005,0.935460567,0.353258699,4.2632455e-005)p9.CanCollide=false;p9.Locked=true;p9.Elasticity=0;p9.BottomSurface=Enum.SurfaceType.Smooth;p9.TopSurface=Enum.SurfaceType.Smooth;b9=Instance.new("BlockMesh",p9)b9.Name="Mesh"b9.Scale=Vector3.new(0.550000012,1,0.550000012)p10=Instance.new("Part",O)p10.BrickColor=BrickColor.new("Really black")p10.FormFactor=Enum.FormFactor.Custom;p10.Size=Vector3.new(1,1.41999948,1)p10.CFrame=CFrame.new(67.489624,8.67401791,72.7929764,-9.47785156e-006,-9.42233055e-006,0.999972522,0.292371064,0.956263304,-7.54374832e-006,-0.956253231,0.292334616,1.01081387e-005)p10.CanCollide=false;p10.Locked=true;p10.Elasticity=0;p10.BottomSurface=Enum.SurfaceType.Smooth;p10.TopSurface=Enum.SurfaceType.Smooth;b10=Instance.new("BlockMesh",p10)b10.Name="Mesh"b10.Scale=Vector3.new(0.400000006,1,0.400000006)p11=Instance.new("Part",O)p11.BrickColor=BrickColor.new("Really black")p11.FormFactor=Enum.FormFactor.Custom;p11.Size=Vector3.new(1,1.50999951,1)p11.CFrame=CFrame.new(67.509552,7.11887455,70.3475952,-1.87569385e-005,1.80455972e-005,0.999972522,-0.36222899,-0.932047009,-9.30004444e-006,0.932039678,-0.362191886,4.04359016e-005)p11.CanCollide=false;p11.Locked=true;p11.Elasticity=0;p11.BottomSurface=Enum.SurfaceType.Smooth;p11.TopSurface=Enum.SurfaceType.Smooth;b11=Instance.new("BlockMesh",p11)b11.Name="Mesh"b11.Scale=Vector3.new(0.550000012,1,0.550000012)p12=Instance.new("Part",O)p12.Name="BladeCenter"p12.BrickColor=BrickColor.new("Really red")p12.Material="Neon"p12.FormFactor=Enum.FormFactor.Symmetric;p12.Size=Vector3.new(1,2,2)p12.CFrame=CFrame.new(67.4995346,6.83217764,72.2514038,-0.999972522,2.42275873e-005,0.000103325896,-8.39982677e-005,4.44650614e-005,-0.999960959,-4.06451727e-005,-0.999940753,-1.25430051e-005)p12.CanCollide=false;p12.Locked=true;p12.BottomSurface=Enum.SurfaceType.Smooth;p12.TopSurface=Enum.SurfaceType.Smooth;b12=Instance.new("SpecialMesh",p12)b12.MeshType=Enum.MeshType.Brick;b12.Name="Mesh"b12.Scale=Vector3.new(0.499999911,1,0.699999928)p13=Instance.new("Part",O)p13.BrickColor=BrickColor.new("Really black")p13.FormFactor=Enum.FormFactor.Custom;p13.Size=Vector3.new(2.91000009,4.3300004,1)p13.CFrame=CFrame.new(67.5096359,9.31026554,73.9751816,7.60371313e-006,1.0943455e-005,0.999972522,-0.119072244,-0.99284631,-7.55448127e-006,0.992830038,-0.119038157,1.01703836e-005)p13.CanCollide=false;p13.Locked=true;p13.Elasticity=0;p13.BottomSurface=Enum.SurfaceType.Smooth;p13.TopSurface=Enum.SurfaceType.Smooth;b13=Instance.new("BlockMesh",p13)b13.Name="Mesh"b13.Scale=Vector3.new(1,1,0.400000006)p14=Instance.new("Part",O)p14.BrickColor=BrickColor.new("Really black")p14.FormFactor=Enum.FormFactor.Custom;p14.Size=Vector3.new(2.5,2.17999935,1)p14.CFrame=CFrame.new(67.4896011,10.1621294,72.6410059,-1.55498967e-007,-1.33476442e-005,0.999972522,-0.462319613,0.886669755,-7.56198779e-006,-0.886637092,-0.462338567,1.01078904e-005)p14.CanCollide=false;p14.Locked=true;p14.Elasticity=0;p14.BottomSurface=Enum.SurfaceType.Smooth;p14.TopSurface=Enum.SurfaceType.Smooth;b14=Instance.new("BlockMesh",p14)b14.Name="Mesh"b14.Scale=Vector3.new(0.400000006,1,0.400000006)p15=Instance.new("Part",O)p15.BrickColor=BrickColor.new("Really black")p15.FormFactor=Enum.FormFactor.Custom;p15.Size=Vector3.new(1.16999996,4.2699995,1)p15.CFrame=CFrame.new(67.5095901,9.35303593,70.6884613,-1.24399676e-005,-4.94209144e-006,0.999972522,0.645082474,0.764063478,-7.52419282e-006,-0.764068604,0.645045042,1.0099785e-005)p15.CanCollide=false;p15.Locked=true;p15.Elasticity=0;p15.BottomSurface=Enum.SurfaceType.Smooth;p15.TopSurface=Enum.SurfaceType.Smooth;b15=Instance.new("BlockMesh",p15)b15.Name="Mesh"b15.Scale=Vector3.new(1,1,0.400000006)p16=Instance.new("Part",O)p16.BrickColor=BrickColor.new("Really black")p16.FormFactor=Enum.FormFactor.Custom;p16.Size=Vector3.new(1.68999994,4.76000023,1)p16.CFrame=CFrame.new(67.4996033,9.63990211,75.3800278,2.98175655e-006,1.30014914e-005,0.999972522,0.258795738,-0.965893507,-7.53869244e-006,0.965865672,0.258821338,1.01718706e-005)p16.CanCollide=false;p16.Locked=true;p16.Elasticity=0;p16.BottomSurface=Enum.SurfaceType.Smooth;p16.TopSurface=Enum.SurfaceType.Smooth;b16=Instance.new("BlockMesh",p16)b16.Name="Mesh"b16.Scale=Vector3.new(1,1,0.400000006)p17=Instance.new("Part",O)p17.BrickColor=BrickColor.new("Really black")p17.FormFactor=Enum.FormFactor.Custom;p17.Size=Vector3.new(1.78999996,4.21999979,1)p17.CFrame=CFrame.new(67.499588,9.28996372,69.8789978,-9.50601952e-006,-9.41252802e-006,0.999972522,0.293352425,0.955965877,-7.53842551e-006,-0.955955863,0.293315947,1.00904235e-005)p17.CanCollide=false;p17.Locked=true;p17.Elasticity=0;p17.BottomSurface=Enum.SurfaceType.Smooth;p17.TopSurface=Enum.SurfaceType.Smooth;b17=Instance.new("BlockMesh",p17)b17.Name="Mesh"b17.Scale=Vector3.new(1,1,0.400000006)p18=Instance.new("WedgePart",O)p18.BrickColor=BrickColor.new("Really red")p18.Name="BladePart1"p18.Material="Neon"p18.Name="Wedge"p18.FormFactor=Enum.FormFactor.Symmetric;p18.Size=Vector3.new(1,4,2)p18.CFrame=CFrame.new(67.499321,6.83199787,69.4816895,0.999972522,-3.68033288e-005,-4.22928351e-005,2.29664256e-005,-1.65102574e-005,0.999963701,-2.03872096e-005,-0.999943435,-4.84290831e-005)p18.CanCollide=false;p18.Locked=true;p18.BottomSurface=Enum.SurfaceType.Smooth;p18.TopSurface=Enum.SurfaceType.Smooth;b18=Instance.new("SpecialMesh",p18)b18.MeshType=Enum.MeshType.Wedge;b18.Name="Mesh"b18.Scale=Vector3.new(0.499999911,0.899999976,0.699999928)p19=Instance.new("WedgePart",O)p19.BrickColor=BrickColor.new("Really red")p19.Name="BladePart2"p19.Material="Neon"p19.Name="Wedge"p19.FormFactor=Enum.FormFactor.Symmetric;p19.Size=Vector3.new(1,4,2)p19.CFrame=CFrame.new(67.4994736,6.83213568,75.0314102,-0.999972522,3.68059118e-005,-0.000103325001,-8.40002976e-005,-4.4521752e-005,0.999963701,2.03864402e-005,0.999943435,1.26029336e-005)p19.CanCollide=false;p19.Locked=true;p19.BottomSurface=Enum.SurfaceType.Smooth;p19.TopSurface=Enum.SurfaceType.Smooth;b19=Instance.new("SpecialMesh",p19)b19.MeshType=Enum.MeshType.Wedge;b19.Name="Mesh"b19.Scale=Vector3.new(0.499999911,0.899999976,0.699999928)p20=Instance.new("Part",O)p20.BrickColor=BrickColor.new("Really black")p20.FormFactor=Enum.FormFactor.Custom;p20.Size=Vector3.new(2.53000021,2.39999938,1)p20.CFrame=CFrame.new(67.4996414,7.91898966,71.4148178,-1.09432585e-005,7.6432425e-006,0.999972522,0.992849231,-0.119072601,-7.55000656e-006,0.119038492,0.992832959,1.01311334e-005)p20.CanCollide=false;p20.Locked=true;p20.Elasticity=0;p20.BottomSurface=Enum.SurfaceType.Smooth;p20.TopSurface=Enum.SurfaceType.Smooth;b20=Instance.new("BlockMesh",p20)b20.Name="Mesh"b20.Scale=Vector3.new(0.400000006,1,0.400000006)p21=Instance.new("Part",O)p21.BrickColor=BrickColor.new("Really red")p21.Material="Neon"p21.FormFactor=Enum.FormFactor.Custom;p21.Size=Vector3.new(1,1.43999994,1.59000015)p21.CFrame=CFrame.new(67.509613,9.57073689,76.6228256,0.999972522,-2.50856156e-005,-1.53699839e-005,-4.86196222e-005,-0.800835371,-0.598824739,1.91311228e-005,0.59883821,-0.800800025)p21.CanCollide=false;p21.Locked=true;p21.Elasticity=0;p21.BottomSurface=Enum.SurfaceType.Smooth;p21.TopSurface=Enum.SurfaceType.Smooth;b21=Instance.new("SpecialMesh",p21)b21.MeshType=Enum.MeshType.Wedge;b21.Name="Mesh"b21.Scale=Vector3.new(0.300000012,0.600000024,0.699999988)w1=Instance.new("Weld",p1)w1.Name="Part_Weld"w1.Part0=p1;w1.C0=CFrame.new(-67.5030899,-72.5280457,-14.8209743,1,-6.37466928e-006,4.26825172e-005,-3.75621021e-005,0.358411252,0.933563769,-2.12490559e-005,-0.933563769,0.358411252)w1.Part1=p2;w1.C1=CFrame.new(9.14727688,-74.5847855,-67.5001221,-4.37113883e-008,0.961261749,-0.27563718,0,0.27563718,0.961261749,1,4.20180868e-008,-1.2048484e-008)w2=Instance.new("Weld",p2)w2.Name="Part_Weld"w2.Part0=p2;w2.C0=CFrame.new(9.14727688,-74.5847855,-67.5001221,-4.37113883e-008,0.961261749,-0.27563718,0,0.27563718,0.961261749,1,4.20180868e-008,-1.2048484e-008)w2.Part1=p3;w2.C1=CFrame.new(-67.5030823,-74.2541809,-10.8368053,1,-8.59976626e-006,4.22903977e-005,-3.75621021e-005,0.30906105,0.951042175,-2.12490559e-005,-0.951042175,0.30906105)w3=Instance.new("Weld",p3)w3.Name="Part_Weld"w3.Part0=p3;w3.C0=CFrame.new(-67.5030823,-74.2541809,-10.8368053,1,-8.59976626e-006,4.22903977e-005,-3.75621021e-005,0.30906105,0.951042175,-2.12490559e-005,-0.951042175,0.30906105)w3.Part1=p4;w3.C1=CFrame.new(-67.5002975,-36.1002579,68.1035233,1,-4.10709617e-005,9.00123541e-006,-3.82823673e-005,-0.800855637,0.598857403,-1.73869594e-005,-0.598857403,-0.800855637)w4=Instance.new("Weld",p4)w4.Name="Part_Weld"w4.Part0=p4;w4.C0=CFrame.new(-67.5002975,-36.1002579,68.1035233,1,-4.10709617e-005,9.00123541e-006,-3.82823673e-005,-0.800855637,0.598857403,-1.73869594e-005,-0.598857403,-0.800855637)w4.Part1=p5;w4.C1=CFrame.new(-67.5031891,-74.611969,-14.457736,1,-6.37466928e-006,4.26825172e-005,-3.75621021e-005,0.358411252,0.933563769,-2.12490559e-005,-0.933563769,0.358411252)w5=Instance.new("Weld",p5)w5.Name="Part_Weld"w5.Part0=p5;w5.C0=CFrame.new(-67.5031891,-74.611969,-14.457736,1,-6.37466928e-006,4.26825172e-005,-3.75621021e-005,0.358411252,0.933563769,-2.12490559e-005,-0.933563769,0.358411252)w5.Part1=p6;w5.C1=CFrame.new(-11.2799978,-66.1456223,-67.5023346,-4.37113883e-008,1,4.37113883e-008,0,-4.37113883e-008,1,1,4.37113883e-008,1.91068547e-015)w6=Instance.new("Weld",p6)w6.Name="Part_Weld"w6.Part0=p6;w6.C0=CFrame.new(-11.2799978,-66.1456223,-67.5023346,-4.37113883e-008,1,4.37113883e-008,0,-4.37113883e-008,1,1,4.37113883e-008,1.91068547e-015)w6.Part1=p7;w6.C1=CFrame.new(-67.5183792,-21.1694489,74.0717163,1,-3.97989206e-005,1.13026372e-005,-4.09751265e-005,-0.91493088,0.403610349,-5.72212457e-006,-0.403610349,-0.91493088)w7=Instance.new("Weld",p7)w7.Name="Part_Weld"w7.Part0=p7;w7.C0=CFrame.new(-67.5183792,-21.1694489,74.0717163,1,-3.97989206e-005,1.13026372e-005,-4.09751265e-005,-0.91493088,0.403610349,-5.72212457e-006,-0.403610349,-0.91493088)w7.Part1=p8;w7.C1=CFrame.new(-67.508461,-23.234499,73.7728119,1,-3.97989206e-005,1.13026372e-005,-4.09751265e-005,-0.91493088,0.403610349,-5.72212457e-006,-0.403610349,-0.91493088)w8=Instance.new("Weld",p8)w8.Name="Part_Weld"w8.Part0=p8;w8.C0=CFrame.new(-67.508461,-23.234499,73.7728119,1,-3.97989206e-005,1.13026372e-005,-4.09751265e-005,-0.91493088,0.403610349,-5.72212457e-006,-0.403610349,-0.91493088)w8.Part1=p9;w8.C1=CFrame.new(-72.2151413,-19.6674671,-67.5124359,-2.77766703e-005,0.353263557,0.935524285,-1.84533783e-005,-0.935524285,0.353263557,1,-7.4510931e-006,3.25046385e-005)w9=Instance.new("Weld",p9)w9.Name="Part_Weld"w9.Part0=p9;w9.C0=CFrame.new(-72.2151413,-19.6674671,-67.5124359,-2.77766703e-005,0.353263557,0.935524285,-1.84533783e-005,-0.935524285,0.353263557,1,-7.4510931e-006,3.25046385e-005)w9.Part1=p10;w9.C1=CFrame.new(67.0792923,-29.5803547,-67.4901428,-2.24114753e-008,0.292369425,-0.956305802,3.04095332e-010,0.956305802,0.292369425,1,6.26159258e-009,-2.15211493e-008)w10=Instance.new("Weld",p10)w10.Name="Part_Weld"w10.Part0=p10;w10.C0=CFrame.new(67.0792923,-29.5803547,-67.4901428,-2.24114753e-008,0.292369425,-0.956305802,3.04095332e-010,0.956305802,0.292369425,1,6.26159258e-009,-2.15211493e-008)w10.Part1=p11;w10.C1=CFrame.new(-62.9921722,32.1197624,-67.5121918,-2.88835581e-005,-0.362230271,0.932088912,9.3476192e-006,-0.932088912,-0.362230271,1,-1.74967965e-006,3.03080251e-005)w11=Instance.new("Weld",p11)w11.Name="Part_Weld"w11.Part0=p11;w11.C0=CFrame.new(-62.9921722,32.1197624,-67.5121918,-2.88835581e-005,-0.362230271,0.932088912,9.3476192e-006,-0.932088912,-0.362230271,1,-1.74967965e-006,3.03080251e-005)w11.Part1=p12;w11.C1=CFrame.new(67.5028763,72.2527161,6.8300252,-1,-9.15522687e-005,-3.05189751e-005,3.05161811e-005,3.05189751e-005,-1,9.15532e-005,-1,-3.05161811e-005)w12=Instance.new("Weld",p12)w12.Name="Part_Weld"w12.Part0=p12;w12.C0=CFrame.new(67.5028763,72.2527161,6.8300252,-1,-9.15522687e-005,-3.05189751e-005,3.05161811e-005,3.05189751e-005,-1,9.15532e-005,-1,-3.05161811e-005)w12.Part1=p13;w12.C1=CFrame.new(-72.3439255,18.054121,-67.5101624,-4.09776035e-008,-0.11906305,0.992886722,4.05430745e-010,-0.992886722,-0.11906305,1,-4.47637571e-009,4.0734399e-008)w13=Instance.new("Weld",p13)w13.Name="Part_Weld"w13.Part0=p13;w13.C0=CFrame.new(-72.3439255,18.054121,-67.5101624,-4.09776035e-008,-0.11906305,0.992886722,4.05430745e-010,-0.992886722,-0.11906305,1,-4.47637571e-009,4.0734399e-008)w13.Part1=p14;w13.C1=CFrame.new(69.1140671,24.5752277,-67.4901428,-2.4837334e-008,-0.462350011,-0.886697888,5.64353009e-010,0.886697888,-0.462350011,1,-1.19839818e-008,-2.17623022e-008)w14=Instance.new("Weld",p14)w14.Name="Part_Weld"w14.Part0=p14;w14.C0=CFrame.new(69.1140671,24.5752277,-67.4901428,-2.4837334e-008,-0.462350011,-0.886697888,5.64353009e-010,0.886697888,-0.462350011,1,-1.19839818e-008,-2.17623022e-008)w14.Part1=p15;w14.C1=CFrame.new(47.9809418,-52.7511749,-67.5101318,-3.94735267e-008,0.64509654,-0.764101744,-4.55740418e-010,0.764101744,0.64509654,1,2.58124242e-008,-2.98677882e-008)w15=Instance.new("Weld",p15)w15.Name="Part_Weld"w15.Part0=p15;w15.C0=CFrame.new(47.9809418,-52.7511749,-67.5101318,-3.94735267e-008,0.64509654,-0.764101744,-4.55740418e-010,0.764101744,0.64509654,1,2.58124242e-008,-2.98677882e-008)w15.Part1=p16;w15.C1=CFrame.new(-75.3105469,-10.1974039,-67.5001221,-4.37113883e-008,0.258818924,0.965925872,0,-0.965925872,0.258818924,1,1.13133343e-008,4.22219593e-008)w16=Instance.new("Weld",p16)w16.Name="Part_Weld"w16.Part0=p16;w16.C0=CFrame.new(-75.3105469,-10.1974039,-67.5001221,-4.37113883e-008,0.258818924,0.965925872,0,-0.965925872,0.258818924,1,1.13133343e-008,4.22219593e-008)w16.Part1=p17;w16.C1=CFrame.new(64.0820847,-29.3829937,-67.5001373,-4.09009289e-008,0.293349952,-0.956005633,4.38312497e-010,0.956005633,0.293349952,1,1.15792238e-008,-3.92300876e-008)w17=Instance.new("Weld",p17)w17.Name="Wedge_Weld"w17.Part0=p17;w17.C0=CFrame.new(64.0820847,-29.3829937,-67.5001373,-4.09009289e-008,0.293349952,-0.956005633,4.38312497e-010,0.956005633,0.293349952,1,1.15792238e-008,-3.92300876e-008)w17.Part1=p18;w17.C1=CFrame.new(-67.4979324,69.4871521,-6.82958078,1,3.05171125e-005,-3.05180438e-005,-3.05171125e-005,-3.05180438e-005,-1,-3.05180438e-005,1,-3.05171125e-005)w18=Instance.new("Weld",p18)w18.Name="Wedge_Weld"w18.Part0=p18;w18.C0=CFrame.new(-67.4979324,69.4871521,-6.82958078,1,3.05171125e-005,-3.05180438e-005,-3.05171125e-005,-3.05180438e-005,-1,-3.05180438e-005,1,-3.05171125e-005)w18.Part1=p19;w18.C1=CFrame.new(67.4982986,-75.0367737,-6.83008671,-1,-9.15532e-005,3.05161811e-005,3.05189751e-005,-3.05161811e-005,1,-9.15522687e-005,1,3.05189751e-005)w19=Instance.new("Weld",p19)w19.Name="Part_Weld"w19.Part0=p19;w19.C0=CFrame.new(67.4982986,-75.0367737,-6.83008671,-1,-9.15532e-005,3.05161811e-005,3.05189751e-005,-3.05161811e-005,1,-9.15522687e-005,1,3.05189751e-005)w19.Part1=p20;w19.C1=CFrame.new(-16.3677292,-69.9670334,-67.5001678,-1.77821063e-010,0.992886961,0.119063012,-1.46926671e-009,-0.119063012,0.992886961,1,1.59595731e-012,1.47997492e-009)w20=Instance.new("Weld",p20)w20.Name="Part_Weld"w20.Part0=p20;w20.C0=CFrame.new(-16.3677292,-69.9670334,-67.5001678,-1.77821063e-010,0.992886961,0.119063012,-1.46926671e-009,-0.119063012,0.992886961,1,1.59595731e-012,1.47997492e-009)w20.Part1=p21;w20.C1=CFrame.new(-67.5104218,-38.2193756,67.100563,1,-4.10709617e-005,9.00123541e-006,-3.82823673e-005,-0.800855637,0.598857403,-1.73869594e-005,-0.598857403,-0.800855637)O.Parent=j;O:MakeJoints()local O=Instance.new("Part",j.Titanius)O.Name="Thingy"O.Locked=true;O.BottomSurface=0;O.CanCollide=false;O.Size=Vector3.new(1,13,1)O.Transparency=1;O.TopSurface=0;corw=Instance.new("Weld",O)corw.Part0=B;corw.Part1=O;corw.C0=CFrame.new(0,-1,-1.1)*CFrame.Angles(math.rad(0),math.rad(0),math.rad(0))corw.C1=CFrame.new(0,0,0)weld1=Instance.new("Weld",j.Titanius)weld1.Part0=O;weld1.Part1=p6;weld1.C0=CFrame.new(0,0,0)hitb=Instance.new("Part",j.Titanius)hitb.Name="Thingy2"hitb.Locked=true;hitb.BottomSurface=0;hitb.CanCollide=false;hitb.Size=Vector3.new(0,8,6)hitb.Transparency=1;hitb.TopSurface=0;weld2=Instance.new("Weld",j.Titanius)weld2.Part0=hitb;weld2.Part1=p12;weld2.C0=CFrame.new(0,.6,1)local P=Instance.new("Model")P.Name="Claw"p1=Instance.new("Part",P)p1.BrickColor=BrickColor.new("Really black")p1.FormFactor=Enum.FormFactor.Custom;p1.Size=Vector3.new(1.5,0.5,0.5)p1.CFrame=CFrame.new(2.91120553,6.79703379,-19.5339718,-0.205515206,-0.209888965,0.955883741,0.52527827,-0.847774804,-0.0732159689,0.825741529,0.487057745,0.284480691)p1.CanCollide=false;p1.Locked=true;p1.BottomSurface=Enum.SurfaceType.Smooth;p1.TopSurface=Enum.SurfaceType.Smooth;b1=Instance.new("BlockMesh",p1)b1.Name="Mesh"p2=Instance.new("WedgePart",P)p2.BrickColor=BrickColor.new("Really black")p2.Name="Wedge"p2.FormFactor=Enum.FormFactor.Custom;p2.Size=Vector3.new(3,1,0.5)p2.CFrame=CFrame.new(2.94872427,6.13246727,-16.5004997,-5.96046448e-008,-4.47034836e-008,-1.00000358,-1.3615936e-005,0.99999994,4.47034836e-008,1.00000358,1.41002238e-005,0)p2.CanCollide=false;p2.Locked=true;p2.BottomSurface=Enum.SurfaceType.Smooth;p2.TopSurface=Enum.SurfaceType.Smooth;p3=Instance.new("Part",P)p3.BrickColor=BrickColor.new("Really black")p3.FormFactor=Enum.FormFactor.Custom;p3.Size=Vector3.new(1.5,0.5,0.5)p3.CFrame=CFrame.new(1.84869456,6.79700661,-18.5422173,-5.06400113e-008,1.07230136e-007,1.00000715,-0.499905825,-0.866079628,-1.1125789e-007,0.86608547,-0.499910295,-2.17476881e-008)p3.CanCollide=false;p3.Locked=true;p3.BottomSurface=Enum.SurfaceType.Smooth;p3.TopSurface=Enum.SurfaceType.Smooth;b2=Instance.new("BlockMesh",p3)b2.Name="Mesh"p4=Instance.new("WedgePart",P)p4.BrickColor=BrickColor.new("Really black")p4.Name="Wedge"p4.FormFactor=Enum.FormFactor.Custom;p4.Size=Vector3.new(3,1,0.5)p4.CFrame=CFrame.new(0.0487272739,4.13279819,-16.5004959,-1.62921424e-007,1.78814929e-007,1.00001431,-1.2755394e-005,-0.999999762,-1.78813849e-007,1.00001431,-1.46627426e-005,-7.54998553e-008)p4.CanCollide=false;p4.Locked=true;p4.BottomSurface=Enum.SurfaceType.Smooth;p4.TopSurface=Enum.SurfaceType.Smooth;p5=Instance.new("Part",P)p5.BrickColor=BrickColor.new("Really black")p5.FormFactor=Enum.FormFactor.Custom;p5.Size=Vector3.new(1.5,0.5,0.5)p5.CFrame=CFrame.new(1.84874606,6.79701567,-19.6422844,-4.29027068e-007,1.9046513e-007,1.00001431,0.500089467,-0.865973532,2.18601315e-008,0.865987122,0.50009501,3.78533827e-008)p5.CanCollide=false;p5.Locked=true;p5.BottomSurface=Enum.SurfaceType.Smooth;p5.TopSurface=Enum.SurfaceType.Smooth;b3=Instance.new("BlockMesh",p5)b3.Name="Mesh"p6=Instance.new("Part",P)p6.BrickColor=BrickColor.new("Really black")p6.FormFactor=Enum.FormFactor.Custom;p6.Size=Vector3.new(1.5,0.5,0.5)p6.CFrame=CFrame.new(2.61122823,6.79701757,-18.433939,-0.250001401,0.0669622123,0.965941966,-0.491382152,-0.868364573,-0.0669801831,0.834303975,-0.491393685,0.249996051)p6.CanCollide=false;p6.Locked=true;p6.BottomSurface=Enum.SurfaceType.Smooth;p6.TopSurface=Enum.SurfaceType.Smooth;b4=Instance.new("BlockMesh",p6)b4.Name="Mesh"p7=Instance.new("Part",P)p7.BrickColor=BrickColor.new("Really black")p7.FormFactor=Enum.FormFactor.Custom;p7.Size=Vector3.new(3,1,1.10000005)p7.CFrame=CFrame.new(2.59874034,5.13276958,-16.5005379,-3.27825546e-007,-3.57627869e-007,-1.00001431,-0.000133868307,0.99999994,1.49011612e-008,1.00001442,0.000135900453,-5.96046448e-008)p7.CanCollide=false;p7.Locked=true;p7.BottomSurface=Enum.SurfaceType.Smooth;p7.TopSurface=Enum.SurfaceType.Smooth;b5=Instance.new("BlockMesh",p7)b5.Name="Mesh"p8=Instance.new("Part",P)p8.BrickColor=BrickColor.new("Really red")p8.Material="Neon"p8.FormFactor=Enum.FormFactor.Symmetric;p8.Size=Vector3.new(1,1,1)p8.CFrame=CFrame.new(1.84841466,6.25537968,-20.3997307,-1.42129729e-005,0.00428489037,-1.00000513,0.965967655,0.258660465,0.00109496934,0.258668512,-0.965972245,-0.00414247159)p8.CanCollide=false;p8.Locked=true;b6=Instance.new("SpecialMesh",p8)b6.MeshId="http://www.roblox.com/Asset/?id=9756362"b6.TextureId=""b6.MeshType=Enum.MeshType.FileMesh;b6.Name="Mesh"b6.Scale=Vector3.new(1.10000005,0.449999988,0.449999988)p9=Instance.new("Part",P)p9.BrickColor=BrickColor.new("Really black")p9.FormFactor=Enum.FormFactor.Custom;p9.Size=Vector3.new(1.5,0.5,0.5)p9.CFrame=CFrame.new(2.79691935,3.68131566,-18.264101,-0.277095288,-0.561500967,-0.779720128,0.631033003,0.505603611,-0.58835566,0.724593103,-0.655058563,0.214224264)p9.CanCollide=false;p9.Locked=true;p9.BottomSurface=Enum.SurfaceType.Smooth;p9.TopSurface=Enum.SurfaceType.Smooth;b7=Instance.new("BlockMesh",p9)b7.Name="Mesh"p10=Instance.new("Part",P)p10.BrickColor=BrickColor.new("Really red")p10.Material="Neon"p10.FormFactor=Enum.FormFactor.Symmetric;p10.Size=Vector3.new(1,1,1)p10.CFrame=CFrame.new(3.09846497,6.25236273,-20.2996788,-0.0669716895,0.254178405,-0.964850724,0.96595335,0.258713901,0.00110733509,0.249903828,-0.93192625,-0.262850702)p10.CanCollide=false;p10.Locked=true;b8=Instance.new("SpecialMesh",p10)b8.MeshId="http://www.roblox.com/Asset/?id=9756362"b8.TextureId=""b8.MeshType=Enum.MeshType.FileMesh;b8.Name="Mesh"b8.Scale=Vector3.new(1.10000005,0.449999988,0.449999988)p11=Instance.new("Part",P)p11.BrickColor=BrickColor.new("Really black")p11.FormFactor=Enum.FormFactor.Custom;p11.Size=Vector3.new(1.5,0.5,0.5)p11.CFrame=CFrame.new(0.386122227,6.79699421,-18.533905,0.250022948,-0.0669473261,0.965937555,-0.491377324,-0.868365645,0.0670026764,0.834300399,-0.491393894,-0.250007868)p11.CanCollide=false;p11.Locked=true;p11.Botto